037460 99999 BOSCOMBE DOWN                  1931   91   84   91   89   93   90   93   92   90   93   90   93
037460 99999 BOSCOMBE DOWN                  1932   93   87   93   90   93   89   92   93   90   93   90   93
037460 99999 BOSCOMBE DOWN                  1933   93   84   93   90   93   90   93   93   90   93   90   93
037460 99999 BOSCOMBE DOWN                  1934   93   84   90   89   93   88   93   92   90   93   90   92
037460 99999 BOSCOMBE DOWN                  1935   93   84   93   90   93   90   93   93   90   93   90   93
037460 99999 BOSCOMBE DOWN                  1936   93   87   90   90   87   90   90   93   89   93   90   93
037460 99999 BOSCOMBE DOWN                  1937   93   84   93   90   93   90   92   93   87   93   90   93
037460 99999 BOSCOMBE DOWN                  1938   93   84   93   89   93   90   93   93   90   90   90   93
037460 99999 BOSCOMBE DOWN                  1939   93   84   93   87   90   90   93   93   84    0    0    0
037460 99999 BOSCOMBE DOWN                  1973  721  638  728  705  720  698  710  697  693  710  686  708
037460 99999 BOSCOMBE DOWN                  1974  715  653  714  690  723  689  710  730  696  720  704  724
037460 99999 BOSCOMBE DOWN                  1975  730  660  714  684  680  674  694  706  688  725  713  739
037460 99999 BOSCOMBE DOWN                  1976  734  685  719  709  738  710  738  727  712  716  715  737
037460 99999 BOSCOMBE DOWN                  1977  727  666  731  695  735  697  738  732  706  733  709  742
037460 99999 BOSCOMBE DOWN                  1978  737  669  739  703  736  707  735  736  713  733  712  740
037460 99999 BOSCOMBE DOWN                  1979  722  662  731  719  742  687  726  741  716  737  713  743
037460 99999 BOSCOMBE DOWN                  1980  733  691  731  716  736  680  601  568  662  739  715  738
037460 99999 BOSCOMBE DOWN                  1981  737  667  736  714  741  715  738  738  718  736  718  726
037460 99999 BOSCOMBE DOWN                  1982  504  662  738  713  741  714  739  737  719  737  719  739
037460 99999 BOSCOMBE DOWN                  1983  742  665  739  710  741  708  744  744  719  740  718  739
037460 99999 BOSCOMBE DOWN                  1984  743  693  739  719  740  718  741  741  718  744  714  739
037460 99999 BOSCOMBE DOWN                  1985  740  660  743  716  742  716  743  741  718  742  715  723
037460 99999 BOSCOMBE DOWN                  1986  739  669  743  720  741  718  740  742  716  739  718  559
037460 99999 BOSCOMBE DOWN                  1987  709  660  735  702  719  711  736  686  713  741  717  743
037460 99999 BOSCOMBE DOWN                  1988  632  475  509  431  427  498  475  502  517  472  499  397
037460 99999 BOSCOMBE DOWN                  1989  471  452  460  451  453  498  466  494  698  922  873  655
037460 99999 BOSCOMBE DOWN                  1990  874  833  919  788  853  956  946  926  916  990  959  721
037460 99999 BOSCOMBE DOWN                  1991 1002  899  844  939  878  895 1039  930  956 1032  923  753
037460 99999 BOSCOMBE DOWN                  1992  920  892 1002  865  789 1072 1053  973 1003  985  950  846
037460 99999 BOSCOMBE DOWN                  1993  905  897 1047  878  852  977  498  483  523  472  508  389
037460 99999 BOSCOMBE DOWN                  1994  460  486  582  718  733  711  737  745  718  735  718  741
037460 99999 BOSCOMBE DOWN                  1995  743  668  732  682  739  720  737  743  700  741  717  741
037460 99999 BOSCOMBE DOWN                  1996  737  694  734  718  644  694  747  737  713  726  684  743
037460 99999 BOSCOMBE DOWN                  1997  695  662  741  683  735  722  735  738  710  741  713  711
037460 99999 BOSCOMBE DOWN                  1998  676  661  731  676  727  718  747  701  718  738  704  727
037460 99999 BOSCOMBE DOWN                  1999  704  659  740  715  686  721  766  667  820 1204 1189 1067
037460 99999 BOSCOMBE DOWN                  2000 1170 1154 1259 1115 1181 1212 1212 1239 1290 1316 1306 1206
037460 99999 BOSCOMBE DOWN                  2001 1295 1265 1383 1175 1187 1207 1282 1227 1203 1328 1224 1123
037460 99999 BOSCOMBE DOWN                  2002 1275 1135 1170 1206 1295 1116 1330 1180 1213 1372 1326 1010
037460 99999 BOSCOMBE DOWN                  2003 1325 1204 1302 1217 1225 1235 1314 1192 1239 1263 1262 1158
037460 99999 BOSCOMBE DOWN                  2004 1272 1178 1342 1141 1136 1158 1163 1175 1181 1164 1179 1108
037460 99999 BOSCOMBE DOWN                  2005 1171 1098 1174 1177 1166 1181 1209 1416 1437 1373 1428 1474
037460 99999 BOSCOMBE DOWN                  2006 1462 1335 1487 1433 1477 1431 1469 1441 1414 1484 1435 1476
037460 99999 BOSCOMBE DOWN                  2007 1480 1330 1449 1438 1481 1440 1485 1453 1426 1485 1451 1479
037460 99999 BOSCOMBE DOWN                  2008 1483 1370 1485 1336 1488 1437 1488 1488 1433 1486 1439 1479
037460 99999 BOSCOMBE DOWN                  2009 1479 1339 1474 1531 1567 1471 1588 1600 1512 1622 1540 1594
037460 99999 BOSCOMBE DOWN                  2010 1618 1468 1594 1464 1503 1491 1557 1564 1538 1534 1506 1551
037460 99999 BOSCOMBE DOWN                  2011 1585 1448 1560 1478 1519 1502 1514 1532 1524 1551 1548 1537
037460 99999 BOSCOMBE DOWN                  2012 1565 1460 1565 1504 1560 1503 1552 1549 1484 1577 1503 1508
037460 99999 BOSCOMBE DOWN                  2013 1569 1367 1557 1478 1535 1468 1555 1522 1505 1582 1507 1563
037460 99999 BOSCOMBE DOWN                  2014 1581 1412 1551 1500 1534 1470 1454 1512 1522 1581 1534 1516
037460 99999 BOSCOMBE DOWN                  2015 1554 1412 1547 1468 1527 1470 1524 1548 1432 1551 1558  339


Total Surface Hourly Observations Available: 512162
Total Station-Years: 52
