034820 99999 MARHAM                         1979  146  147  170  176  345  689  741  736  713  734  703  741
034820 99999 MARHAM                         1980  732  693  728  709  732  662  483  501  644  739  706  734
034820 99999 MARHAM                         1981  735  664  739  713  734  714  738  742  719  572  413  410
034820 99999 MARHAM                         1982  495  665  736  710  739  709  741  741  716  736  720  741
034820 99999 MARHAM                         1983  742  668  743  710  742  708  744  743  715  743  714  741
034820 99999 MARHAM                         1984  743  694  740  719  743  718  741  742  718  741  713  740
034820 99999 MARHAM                         1985  741  661  742  714  743  712  739  741  718  742  708  708
034820 99999 MARHAM                         1986  735  664  737  720  741  717  735  741  707  737  718  724
034820 99999 MARHAM                         1987  728  658  741  716  736  710  739  733  727  750  719  739
034820 99999 MARHAM                         1988  740  692  696  709  722  711  727  733  703  736  746  771
034820 99999 MARHAM                         1989  763  709  779  758  774  764  783  775  856 1462 1405 1457
034820 99999 MARHAM                         1990 1477 1343 1466 1418 1463 1410 1460 1461 1400 1467 1405 1455
034820 99999 MARHAM                         1991 1469 1321 1461 1410 1476 1424 1468 1451 1432 1443 1397 1320
034820 99999 MARHAM                         1992 1429 1345 1462 1352 1431 1412 1464 1464 1413 1469 1400 1427
034820 99999 MARHAM                         1993 1459 1320 1450 1372 1448 1414  742  741  724  732  686  748
034820 99999 MARHAM                         1994  740  676  731  441  456  508  449  517  508  494  512  386
034820 99999 MARHAM                         1995  480  626  726  580  737  709  683  734  686  689  625  711
034820 99999 MARHAM                         1996  711  690  729  713  735  706  735  733  694  708  721  740
034820 99999 MARHAM                         1997  730  655  718  709  733  718  743  738  666  736  706  709
034820 99999 MARHAM                         1998  666  652  701  678  714  711  743  696  707  726  694  733
034820 99999 MARHAM                         1999  703  660  718  705  730  705  752  717  823 1146 1181 1080
034820 99999 MARHAM                         2000 1180 1129 1253 1111 1175 1228 1228 1153 1249 1297 1269 1088
034820 99999 MARHAM                         2001 1268 1216 1309 1172 1205 1224 1280 1154 1211 1339 1285 1132
034820 99999 MARHAM                         2002 1277 1172 1199 1202 1280 1095 1282 1260 1172 1267 1243 1113
034820 99999 MARHAM                         2003 1316 1144 1258 1205 1197 1375 1530 1477 1451 1495 1442 1087
034820 99999 MARHAM                         2004 1220 1176 1251 1157 1141 1189 1183 1192 1210 1190 1205 1064
034820 99999 MARHAM                         2005 1186 1109 1202 1163 1183 1214 1185 1212 1373 1484 1406 1306
034820 99999 MARHAM                         2006 1396 1334 1483 1435 1472 1439 1469 1441 1344 1483 1435 1477
034820 99999 MARHAM                         2007 1480 1335 1455 1437 1486 1440 1483 1452 1389 1435 1464 1486
034820 99999 MARHAM                         2008 1482 1360 1484 1439 1488 1440 1490 1490 1433 1485 1440 1465
034820 99999 MARHAM                         2009 1486 1337 1467 1479 1497 1450 1542 1510 1435 1531 1468 1549
034820 99999 MARHAM                         2010 1543 1395 1519 1451 1491 1474 1498 1519 1480 1509 1479 1512
034820 99999 MARHAM                         2011 1516 1376 1513 1449 1489 1459 1500 1494 1450 1504 1483 1482
034820 99999 MARHAM                         2012 1516 1410 1522 1471 1507 1457 1530 1517 1468 1526 1481 1463
034820 99999 MARHAM                         2013 1509 1342 1501 1452 1511 1445 1488 1480 1398 1505 1446 1501
034820 99999 MARHAM                         2014 1487 1336 1506 1453 1502 1452 1452 1464 1453 1518 1478 1497
034820 99999 MARHAM                         2015 1513 1379 1500 1455 1506 1463 1507 1502 1465 1527 1475 1484
034820 99999 MARHAM                         2016 1521 1389 1499 1460 1509 1488 1492  581    0    0    0    0


Total Surface Hourly Observations Available: 484081
Total Station-Years: 38
