031000 99999 TIREE                          1979  743  668  735  692  746  711  738  739  717  740  714  740
031000 99999 TIREE                          1980  738  692  729  714  736  705  739  735  716  740  720  739
031000 99999 TIREE                          1981  741  668  714  709  740  706  776  771  723  739  719  744
031000 99999 TIREE                          1982  629  668  749  719  745  877  918  897  870  868  852  875
031000 99999 TIREE                          1983  876  798  898  846  905  904  939  933  879  891  863  890
031000 99999 TIREE                          1984  914  879  911  864  918  865  861  881  849  904  858  883
031000 99999 TIREE                          1985  859  794  878  830  827  860  894  850  798  848  863  858
031000 99999 TIREE                          1986  813  775  882  826  855  801  825  818  781  844  790  822
031000 99999 TIREE                          1987  785  729  818  777  807  780  865  788  781  818  814  816
031000 99999 TIREE                          1988  792  750  757  787  818  812  804  779  784  797  757  789
031000 99999 TIREE                          1989  834  917  969  927  955  979  991 1001  963 1060  974 1040
031000 99999 TIREE                          1990 1050  956 1062 1017 1108 1058 1114 1125 1050 1121 1076 1073
031000 99999 TIREE                          1991 1095 1005 1092 1080 1128 1075 1125 1117 1079 1111 1037 1007
031000 99999 TIREE                          1992 1061 1025 1102 1060 1067 1023 1066 1059 1034 1062 1027 1037
031000 99999 TIREE                          1993 1041  971 1061  867  894  875  747  745  710  720  699  734
031000 99999 TIREE                          1994  729  658  742  713  739  708  733  741  719  728  717  738
031000 99999 TIREE                          1995  733  667  734  643  740  715  737  742  696  729  707  735
031000 99999 TIREE                          1996  740  696  731  713  740  712  740  735  720  747  722  734
031000 99999 TIREE                          1997  742  678  728  710  747  723  740  741  710  738  715  716
031000 99999 TIREE                          1998  684  665  733  711  731  716  739  708  715  739  699  736
031000 99999 TIREE                          1999  708  661  736  712  722  704  759  749  772  913  889  906
031000 99999 TIREE                          2000  923  893  988  871  926  941  951  993  929 1002  962  963
031000 99999 TIREE                          2001  983  929 1035  945  997  951 1008  860  879  927 1207  863
031000 99999 TIREE                          2002  812  783  820  791  872  805  868  840  740  873  833  856
031000 99999 TIREE                          2003  850  742  870  834  834  824  862  849  820  868  840  827
031000 99999 TIREE                          2004  859  696  813  835  851  818  857  866  854  871  859 1138
031000 99999 TIREE                          2005  690  665  733  706  647  634  727  731  713  736  670  734
031000 99999 TIREE                          2006  668  658  737  704  725  707  707  685  693  740  614  722
031000 99999 TIREE                          2007  622  666 1288 1391 1454 1409 1412 1396 1402 1467 1420 1450
031000 99999 TIREE                          2008 1462 1329 1446 1400 1415 1413 1458 1469 1410 1444 1354 1432
031000 99999 TIREE                          2009 1438 1272 1399 1383 1443 1378 1381 1416 1389 1446 1398 1455
031000 99999 TIREE                          2010 1289 1321 1405 1393 1448 1393 1409 1442 1395 1449 1663 2212
031000 99999 TIREE                          2011 2203 2011 2217 2107 2152 2150 2190 2196 1972 2229 2156 2172
031000 99999 TIREE                          2012 2147 2061 2207 2114 2149 2000 2218 2195 1571 2206 2141 2203
031000 99999 TIREE                          2013 2219 2007 2225 2144 2221 2118 2215 2191 1840 2174 2140 2219
031000 99999 TIREE                          2014 2218 2014 2207 2145 2220 2136 2117 2130 2088 2214 2156 2220
031000 99999 TIREE                          2015 2167 1996 1967 2109 2213 1918 2159 2200 2121 2201 2117 2193
031000 99999 TIREE                          2016 2194 2030 2181 2124 2115 2136 2207  837    0    0    0    0


Total Surface Hourly Observations Available: 489191
Total Station-Years: 38
