108570 99999 LANDSBERG LECH                 1990  632  745  816  800  587  781  805  820  803  864  859  936
108570 99999 LANDSBERG LECH                 1991  856  766  886  865  851  823  844  853  764  873  853  938
108570 99999 LANDSBERG LECH                 1992  862  846  853  809  826  843  872  846  864  894  873  870
108570 99999 LANDSBERG LECH                 1993  883  826 1276 1413 1260 1428  779  785  766  792  811  809
108570 99999 LANDSBERG LECH                 1994  868  762  794  786  798  729  780  764  797  810  797  807
108570 99999 LANDSBERG LECH                 1995  898  726  885  781  748  322  408  815  772  804  838  836
108570 99999 LANDSBERG LECH                 1996  850  787  851  786  794  750  778  793  789  796  838  832
108570 99999 LANDSBERG LECH                 1997  825  764  846  758  754  761  766  772  738  817  754  797
108570 99999 LANDSBERG LECH                 1998  768  683  805  694  526  544  593  528  564  602  769  856
108570 99999 LANDSBERG LECH                 1999  770  829  796  772  770  759  805  780  853 1473 1430 1526
108570 99999 LANDSBERG LECH                 2000 1493 1427 1519 1423 1501 1464 1514 1481 1466 1533 1429 1524
108570 99999 LANDSBERG LECH                 2001 1524 1375 1516 1452 1475 1422 1442 1227 1050 1447 1472 1453
108570 99999 LANDSBERG LECH                 2002 1482 1359 1389 1263 1410 1234 1272 1313 1257 1350 1520 1559
108570 99999 LANDSBERG LECH                 2003 1585 1439 1420 1349 1373 1334 1411 1240 1202 1269 1256 1280
108570 99999 LANDSBERG LECH                 2004 1333 1178 1298 1234 1262 1223 1267 1244 1218 1305 1277 1323
108570 99999 LANDSBERG LECH                 2005 1293 1270 1302 1227 1279 1191 1242 1209 1203 1288 1265 1280
108570 99999 LANDSBERG LECH                 2006 1255 1148 1332 1218 1229 1187 1242 1232 1188 1228 1228 1231
108570 99999 LANDSBERG LECH                 2007 1277 1149 1243 1189 1256 1213 1241 1242 1214 1270 1316 1304
108570 99999 LANDSBERG LECH                 2008 1273 1179 1298 1260 1256 1232 1275 1256 1231 1305 1246 1321
108570 99999 LANDSBERG LECH                 2009 1320 1234 1343 1213 1317 1248 1270 1267 1287 1312 1222 1311
108570 99999 LANDSBERG LECH                 2010 1350 1153 1274 1228 1281 1240 1254 1292 1237 1306 1285 1316
108570 99999 LANDSBERG LECH                 2011 1350 1175 1258 1228 1257 1212 1300 1276 1252 1309 1343 1318
108570 99999 LANDSBERG LECH                 2012 1350 1230 1289 1200 1242 1230 1263 1252 1254 1340 1299 1371
108570 99999 LANDSBERG LECH                 2013 1343 1336 1356 1230 1454  768  760  745  697  848  823  808
108570 99999 LANDSBERG LECH                 2014  838  726  796  744  803  723  771  746  780  845  862  844
108570 99999 LANDSBERG LECH                 2015  882  793  794  758  777  785  771  782  755  846  788  768
108570 99999 LANDSBERG LECH                 2016  873  706    0    0    0    0    0    0    0    0    0    0


Total Surface Hourly Observations Available: 334574
Total Station-Years: 27
