583670 99999 HONGQIAO INTL                  1956    0    0    0    0    0    0    0   74  189  196  173  178
583670 99999 HONGQIAO INTL                  1957  188  167  180  183  227  210  216  209  209  223  208  206
583670 99999 HONGQIAO INTL                  1958  212  200  218  207  193  166  184  204  203  217  216  213
583670 99999 HONGQIAO INTL                  1959  211  187  225  220  211  206  198  210  214  238  234  242
583670 99999 HONGQIAO INTL                  1960  242  223  236  228  233  230  234  234  232  240  230  238
583670 99999 HONGQIAO INTL                  1961  243  221  244  226  240  231  236  244  239  246  238  242
583670 99999 HONGQIAO INTL                  1962  238  219  243  237  242  233  241  243  238  240  230  238
583670 99999 HONGQIAO INTL                  1963  242  220  240  237  239  228  234  245  240  248  177  239
583670 99999 HONGQIAO INTL                  1964  241  230  240  236  241  234  245  245  239  246  211  248
583670 99999 HONGQIAO INTL                  1973  236  216  245  234  244  233  238  241  228  244  229  236
583670 99999 HONGQIAO INTL                  1974  243  217  238  225  239  236  232  239  238  245  236  236
583670 99999 HONGQIAO INTL                  1975  239  224  247  237  233  232  243  241  232  243  235  240
583670 99999 HONGQIAO INTL                  1976  241  227  244  238  238  233  245  245  239  241  229  241
583670 99999 HONGQIAO INTL                  1977  243  222  245  235  246  236  245  241  239  250  237  252
583670 99999 HONGQIAO INTL                  1978  249  223  249  239  252  240  249  245  240  245  238  248
583670 99999 HONGQIAO INTL                  1979  249  224  246  238  249  237  248  275  298  284  267  286
583670 99999 HONGQIAO INTL                  1980  273  258  275  264  286  265  256  286  274  276  258  265
583670 99999 HONGQIAO INTL                  1981  268  247  286  267  285  276  276  274  245  272  277  286
583670 99999 HONGQIAO INTL                  1982  274  234  245  240  258  285  268  277  266  263  291  279
583670 99999 HONGQIAO INTL                  1983  257  241  278  279  297  278  281  281  278  283  275  286
583670 99999 HONGQIAO INTL                  1984  290  256  284  275  290  285  298  313  284  293  288  305
583670 99999 HONGQIAO INTL                  1985  289  242  275  268  283  265  284  281  267  299  276  266
583670 99999 HONGQIAO INTL                  1986  258  241  278  269  272  249  263  256  259  260  250  258
583670 99999 HONGQIAO INTL                  1987  259  229  266  243  271  264  283  248  251  261  291  264
583670 99999 HONGQIAO INTL                  1988  663 1152 1276 1177 1672 1830 1911 1878 1714 1399 1283 1263
583670 99999 HONGQIAO INTL                  1989 1114  551   42  650  591  586  660  595  610  620  518  633
583670 99999 HONGQIAO INTL                  1990  656  593  640  575  544  572  599  612  601  623  611  613
583670 99999 HONGQIAO INTL                  1991  627  562  622  633  649  611  582  550  543  596  590  590
583670 99999 HONGQIAO INTL                  1992  555  429  469  647  683  641  663  698  675  698  654  683
583670 99999 HONGQIAO INTL                  1993  683  571  649  632  630  629  504  514  497  619  646  670
583670 99999 HONGQIAO INTL                  1994  652  647  698  676  708  671  701  718  687  703  674  690
583670 99999 HONGQIAO INTL                  1995  697  641  701  665  727  700  716  715  680  722  699  695
583670 99999 HONGQIAO INTL                  1996  704  665  676  690  723  682  701  693  689  704  669  685
583670 99999 HONGQIAO INTL                  1997  722  644  703  666  708  697  703  718  688  688  686  605
583670 99999 HONGQIAO INTL                  1998  652  641  711  671  697  669  679  681  678  689  660  674
583670 99999 HONGQIAO INTL                  1999  676  655  731  692  715  660  679  688  669  679  599  681
583670 99999 HONGQIAO INTL                  2000  692  663  705  685  709  693  707  687  684  702  648  681
583670 99999 HONGQIAO INTL                  2001  700  641  699  686  692  668  705  704  674  701  682  707
583670 99999 HONGQIAO INTL                  2002  688  641  692  694  717  648  710  711  701  675  707  725
583670 99999 HONGQIAO INTL                  2003  717  643  713  702  719  691  731  724  701  727  691  703
583670 99999 HONGQIAO INTL                  2004  717  675  720  711  736  701  719  735  708  720  714  736
583670 99999 HONGQIAO INTL                  2005  738  670  740  722  741  714  734  742  716  740  711  725
583670 99999 HONGQIAO INTL                  2006  719  664  740  709  738  718  741  744  719  737  719  736
583670 99999 HONGQIAO INTL                  2007  735  666  722  719  741  718  740  723  712  739  717  745
583670 99999 HONGQIAO INTL                  2008  742  686  743  720  744  976 1488 1485 1428 1482 1437 1486
583670 99999 HONGQIAO INTL                  2009 1463 1337 1478 1438 1484 1425 1486 1487 1439 1486 1437 1481
583670 99999 HONGQIAO INTL                  2010 1475 1335 1485 1435 1480 1439 1485 1485 1437 1483 1435 1485
583670 99999 HONGQIAO INTL                  2011 1480 1341 1477 1430 1479 1432 1486 1482 1439 1487 1437 1475
583670 99999 HONGQIAO INTL                  2012 1475 1389 1457 1434 1484 1430 1486 1481 1427 1482 1429 1479
583670 99999 HONGQIAO INTL                  2013 1474 1343 1484 1440 1488 1431 1486 1476 1439 1483 1438 1477
583670 99999 HONGQIAO INTL                  2014 1483 1336 1488 1439 1477 1435 1419 1456 1435 1478 1438 1485
583670 99999 HONGQIAO INTL                  2015 1487 1344 1248    0    0    0    0    0    0    0    0    0


Total Surface Hourly Observations Available: 361547
Total Station-Years: 52
