583211 99999 PUDONG                         2004    0    0    0    0    0    0  439  735  708  724  714  733
583211 99999 PUDONG                         2005  739  666  738  718  743  717  737  741  719  743  709  730
583211 99999 PUDONG                         2006  730  667  742  709  737  716  741  743  718  737  718  735
583211 99999 PUDONG                         2007  736  667  723  711  740  719  739  721  711  735  718  744
583211 99999 PUDONG                         2008  742  688  743  721  742  981 1488 1484 1427 1480 1436 1483
583211 99999 PUDONG                         2009 1460 1335 1475 1436 1484 1425 1486 1483 1437 1486 1437 1480
583211 99999 PUDONG                         2010 1474 1337 1484 1433 1481 1438 1482 1488 1438 1484 1434 1486
583211 99999 PUDONG                         2011 1481 1343 1479 1430 1480 1432 1486 1480 1439 1486 1436 1474
583211 99999 PUDONG                         2012 1473 1389 1456 1433 1485 1431 1485 1480 1427 1483 1429 1478
583211 99999 PUDONG                         2013 1475 1344 1485 1439 1488 1431 1485 1476 1393 1483 1436 1480
583211 99999 PUDONG                         2014 1482 1336 1487 1439 1477 1436 1415 1455 1434 1477 1438 1483
583211 99999 PUDONG                         2015 1488 1344 1487 1438 1483 1440 1487 1474 1437 1487 1437 1478
583211 99999 PUDONG                         2016 1488 1358  332    0    0    0    0    0    0    0    0    0


Total Surface Hourly Observations Available: 168735
Total Station-Years: 13
