486940 99999 PAYA LEBAR                     1979 1035  967 1071 1080 1064 1033 1044  959  885  943  901  941
486940 99999 PAYA LEBAR                     1980  814  680  798  805  745  650  237  868  837  869  765  879
486940 99999 PAYA LEBAR                     1981  817  823  908  865  894  854  718  118    0    0    0    0
486940 99999 PAYA LEBAR                     1983    0  283  357  335  316  299  310  272  211  122    0    0
486940 99999 PAYA LEBAR                     1999    0    0    0    0    0  390  573  554  554  556  540  546
486940 99999 PAYA LEBAR                     2000  574  528  567  547  584  560  580  559  558  571  531  559
486940 99999 PAYA LEBAR                     2001  573  526  571  550  570  552  573  575  566  578  566  584
486940 99999 PAYA LEBAR                     2002  553  527  581  554  581  537  580  574  554  560  559  576
486940 99999 PAYA LEBAR                     2003  558  519  571  564  563  556  586  577  557  577  559  561
486940 99999 PAYA LEBAR                     2004  568  542  584  565  588  566  570  583  561  569  567  581
486940 99999 PAYA LEBAR                     2005  587  531  587  567  588  566  587  615  625  635  613  611
486940 99999 PAYA LEBAR                     2006  647  564  621  648  629  624  624  619  602  624  635  678
486940 99999 PAYA LEBAR                     2007  654  547  635  642  646  601  643  616  616  639  566  589
486940 99999 PAYA LEBAR                     2008  585  542  589  568  588  569  589  589  565  588  569  586
486940 99999 PAYA LEBAR                     2009  589  529  588  568  588  567  589  587  570  585  569  584
486940 99999 PAYA LEBAR                     2010  589  528  587  566  588  568  586  588  568  585  569  589
486940 99999 PAYA LEBAR                     2011  588  529  586  569  586  570  589  584  570  588  568  587
486940 99999 PAYA LEBAR                     2012  588  550  575  570  589  569  588  589  568  584  569  588
486940 99999 PAYA LEBAR                     2013  584  529  588  569  589  569  589  583  549  587  569  586
486940 99999 PAYA LEBAR                     2014  586  529  587  569  587  567  564  573  570  590  569  588
486940 99999 PAYA LEBAR                     2015  589  531  589  569  588  570  589  582  570  589  569  583
486940 99999 PAYA LEBAR                     2016  587  548  458    0    0    0    0    0    0    0    0    0


Total Surface Hourly Observations Available: 145809
Total Station-Years: 22
