583210 99999 LUOGANG                        1956    0    0    0    0    0    0    0   76  195  204  157  174
583210 99999 LUOGANG                        1957  174  161  190  182  189   72   80   78  136  232  215  219
583210 99999 LUOGANG                        1958  215  205  223  214  196  176  196  205  214  224  217  212
583210 99999 LUOGANG                        1959  209  189  216  208  216  205  209  215  220  238  231  237
583210 99999 LUOGANG                        1960  232  226  239  227  229  225  236  243  232  238  229  241
583210 99999 LUOGANG                        1961  244  220  244  233  239  237  237  245  238  246  233  236
583210 99999 LUOGANG                        1962  246  220  245  233  239  227  238  237  229  240  236  238
583210 99999 LUOGANG                        1963  227  214  243  231  232  211  235  242  235  247  158  230
583210 99999 LUOGANG                        1964  240  214  228  223  237  231  227  235  236  243  238  246
583210 99999 LUOGANG                        1973  210  188  216  206  213  204  207  208  199  211  207  213
583210 99999 LUOGANG                        1974  214  192  216  200  217  200  209  205  208  212  208  216
583210 99999 LUOGANG                        1975  211  191  219  206  206  205  206  208  199  211  205  202
583210 99999 LUOGANG                        1976  213  199  212  204  214  201  211  212  202  206  202  207
583210 99999 LUOGANG                        1977  209  186  209  206  211  209  216  216  210  219  207  219
583210 99999 LUOGANG                        1978  215  198  217  210  218  209  216  216  211  217  208  220
583210 99999 LUOGANG                        1979  219  199  220  211  216  211  218  217  211  216  209  218
583210 99999 LUOGANG                        1980  218  206  219  209  219  212  225  217  212  221  214  217
583210 99999 LUOGANG                        1981  219  196  216  209  220  210  216  216  212  220  215  217
583210 99999 LUOGANG                        1982  212  195  218  211  218  209  217  215  212  212  210  215
583210 99999 LUOGANG                        1983  215  194  218  208  216  211  216  215  208  218  211  215
583210 99999 LUOGANG                        1984  215  203  214  207  215  210  212  218  211  215  212  218
583210 99999 LUOGANG                        1985  218  195  219  212  220  210  216  217  209  218  209  216
583210 99999 LUOGANG                        1986  217  194  217  213  217  210  216  217  212  216  208  217
583210 99999 LUOGANG                        1987  212  192  216  204  210  209  215  210  209  219  209  216
583210 99999 LUOGANG                        1988  217  201  216  208  219  208  215  213  208  216  209  219
583210 99999 LUOGANG                        1989  213  196  216  206  215  210  214  218  213  217  208  217
583210 99999 LUOGANG                        1990  215  196  215  213  220  209  217  219  213  218  209  218
583210 99999 LUOGANG                        1991  219  198  215  212  220  209  217  216  215  219  209  212
583210 99999 LUOGANG                        1992  218  204  215  210  218  211  216  218  212  215  211  218
583210 99999 LUOGANG                        1993  217  196  217  211  217  211  218  218  213  212  212  214
583210 99999 LUOGANG                        1994  211  196  217  208  217  204  215  219  212  220  209  217
583210 99999 LUOGANG                        1995  217  196  216  210  217  212  216  218  209  214  208  215
583210 99999 LUOGANG                        1996  217  203  212  208  215  209  216  218  208  218  209  217
583210 99999 LUOGANG                        1997  217  195  216  209  216  209  217  217  212  216  211  212
583210 99999 LUOGANG                        1998  199  196  216  210  217  209  216  210  210  218  207  218
583210 99999 LUOGANG                        1999  209  195  216  207  212  208  216  215  207  218  209  209
583210 99999 LUOGANG                        2000  216  201  214  206  216  209  212  211  209  214  213  598
583210 99999 LUOGANG                        2001  638  658  730  713  724  710  729  720  707  722  713  734
583210 99999 LUOGANG                        2002  710  616  678  664  712  636  722  717  703  677  706  734
583210 99999 LUOGANG                        2003  731  645  722  708  718  701  740  732  697  733  715  731
583210 99999 LUOGANG                        2004  711  688  732  712  734  710  724  740  714  729  718  736
583210 99999 LUOGANG                        2005  739  670  739  717  743  717  739  741  718  744  712  730
583210 99999 LUOGANG                        2006  729  668  742  713  738  716  744  744  718  738  719  736
583210 99999 LUOGANG                        2007  734  665  720  716  741  718  740  720  714  740  724  746
583210 99999 LUOGANG                        2008  737  691  745  718  744  718  744  742  717  760  736  761
583210 99999 LUOGANG                        2009  751  684  737  727  744  711  739  743  718  732  697  742
583210 99999 LUOGANG                        2010  738  669  743  720  742  718  741  744  718  740  718  744
583210 99999 LUOGANG                        2011  741  672  739  719  740  686  714  713  682  722  698  719
583210 99999 LUOGANG                        2012  727  688  734  719  744  720  741  743  720  741  720  741
583210 99999 LUOGANG                        2013  742  670  742  719  960  925  961  952  899  958  927  960
583210 99999 LUOGANG                        2014  958  863  958  927  956  927  919  940  927  956  929  958
583210 99999 LUOGANG                        2015  962  868  958  928  958  930  960  951  929  960  929  953
583210 99999 LUOGANG                        2016  962  720    0    0    0    0    0    0    0    0    0    0


Total Surface Hourly Observations Available: 231536
Total Station-Years: 53
