162390 99999 CIAMPINO                       1951    0    0    0    0    0    0    0    0    0  743  720  744
162390 99999 CIAMPINO                       1952  744  696  744  720  744  720  744  744  720  744  720  744
162390 99999 CIAMPINO                       1953  743  672  744  720  744  720  744  744  720  744  710  744
162390 99999 CIAMPINO                       1954  742  672  744  720  744  710  740  744  720  744  720  744
162390 99999 CIAMPINO                       1955  744  672  744  720  744  720  744  744  718  744  720  744
162390 99999 CIAMPINO                       1956  744  695  744  720  744  712  744  744  720   31   30   31
162390 99999 CIAMPINO                       1957   31   28   31   30   31   30  124  124  120  124  120  124
162390 99999 CIAMPINO                       1958  124  112  124  120  124  120  124  124  120  124  120  124
162390 99999 CIAMPINO                       1959   31   28   31   30   31   30   31   31   30   31   30   31
162390 99999 CIAMPINO                       1960   31   29   31   30   31   30   31   31   30   31   30   31
162390 99999 CIAMPINO                       1961   31   28   31   30   31   30   31   31   30   31   30   31
162390 99999 CIAMPINO                       1964    0    0    0    0    0    0    0  140    0  201  201  210
162390 99999 CIAMPINO                       1965  227  204  218  218  223  215    0    0    0    0    0    0
162390 99999 CIAMPINO                       1967    0    0    0    0    0    0  189  176  219  214  211  210
162390 99999 CIAMPINO                       1968    0    0    0    0    0    0    0   77  185  223   37    0
162390 99999 CIAMPINO                       1973 1864 1656 1746 1752 1688 1534 1399 1680 1712 1689 1655 1692
162390 99999 CIAMPINO                       1974 1698 1571 1599 1740 1868 1784 1779 1798 1751 1848 1693 1535
162390 99999 CIAMPINO                       1975 1402 1290 1430 1359 1377 1379 1397 1449 1332 1414 1359 1405
162390 99999 CIAMPINO                       1976 1412 1355 1408 1355 1434 1388 1362 1379 1340 1646 1580 1742
162390 99999 CIAMPINO                       1977 1995 1839 1776 1491 1517 1488 1515 1536 1501 1536 1465 1511
162390 99999 CIAMPINO                       1978 1514 1390 1577 1430 1504 1422 1416 1544 1426 1494 1478 1471
162390 99999 CIAMPINO                       1979 1478 1364 1453 1427 1486 1423 1821 1706 1677 2042 2027 2080
162390 99999 CIAMPINO                       1980 2011 1678 2095 2063  982 1229 2111 2036 2009 2053 1916 1951
162390 99999 CIAMPINO                       1981 2059 1801 1851 1393 1427 1447 1449 1483 1412 1470 1415 1483
162390 99999 CIAMPINO                       1982 1470 1303 1444 1396 1415 1415 1445 1455 1422 1452 1407 1470
162390 99999 CIAMPINO                       1983 1445 1325 1465 1401 1487 1378 1413 1436 1424 1857 1906 1875
162390 99999 CIAMPINO                       1984 1804 1711 1950 1908 1959 1918 2085 2091 1998 1988 1890 1902
162390 99999 CIAMPINO                       1985 1929 1675 1855 1902 2405 2313 2238 2521 2446 2539 1993 2026
162390 99999 CIAMPINO                       1986 2531 2135 2164 2380 2493 2523 2564 2657 2562 2602 2462 2394
162390 99999 CIAMPINO                       1987 2416 2121 2668 2560 2569 2519 2100 2438 2529 2666 2511 2669
162390 99999 CIAMPINO                       1988 2661 2453 2744 2627 2561 2529 2512 2558 2351 2348 2339 2357
162390 99999 CIAMPINO                       1989 2570 2269 2571 2681 2689 2596 2706 2479 2374 1987 2343 1756
162390 99999 CIAMPINO                       1990 1848 1706 1928 1921 1978 1986 2102 2031 1938 1915 2403 2686
162390 99999 CIAMPINO                       1991 2585 2239 2753 2668 2796 2684 2676 2812 2688 2746 2691 2646
162390 99999 CIAMPINO                       1992 2765 2520 2757 2703 2645 2523 2572 2528 2443 2258 2298 2540
162390 99999 CIAMPINO                       1993 2680 2421 2498 2623 2294 2626  779  795  797  787  804  853
162390 99999 CIAMPINO                       1994  945  770  842  780  785  769  812  775  763  757  738  768
162390 99999 CIAMPINO                       1995  771  702  772  743  761  748  787  779  748  777  742  789
162390 99999 CIAMPINO                       1996  761  722  766  753  769  730  739  752  741  763  717  731
162390 99999 CIAMPINO                       1997  727  661  735  707  730  700  735  678  657  651  666  679
162390 99999 CIAMPINO                       1998  675  652  688  709  727  715  708  693  658  735  699  735
162390 99999 CIAMPINO                       1999  710  663  732  697  752  722  734  748  726  750  711  641
162390 99999 CIAMPINO                       2000  755  692  721  720  739  827  857  844  812  794  809  821
162390 99999 CIAMPINO                       2001  848  781  848  834  828  829  838  838  803  842  829  824
162390 99999 CIAMPINO                       2002  838  756  827  796  818  996 1544 1436 1520 1523 1506 1565
162390 99999 CIAMPINO                       2003 1509 1337 1554 1522 1541 1513 1563 1540 1476 1570 1535 1571
162390 99999 CIAMPINO                       2004 1566 1478 1573 1495 1554 1493 1509 1534 1488 1574 1594 1634
162390 99999 CIAMPINO                       2005 1644 1461 1614 1589 1666 1586 1431 1502 1422 1374 1620 1713
162390 99999 CIAMPINO                       2006 1693 1553 1696 1669 1725 1672 1720 1728 1675 1728 1680 1711
162390 99999 CIAMPINO                       2007 1722 1522 1696 1668 1712 1673 1700 1661 1659 1696 1672 1722
162390 99999 CIAMPINO                       2008 1724 1595 1726 1676 1724 1639 1716 1698 1651 1733 1653 1731
162390 99999 CIAMPINO                       2009 1733 1558 1709 1669 1726 1641 1708 1714 1664 1721 1673 1694
162390 99999 CIAMPINO                       2010 1722 1542 1683 1660 1684 1657 1727 1721 1656 1703 1637 1722
162390 99999 CIAMPINO                       2011 1710 1565 1723 1675 1717 1679 1732 1716 1669 1722 1679 1721
162390 99999 CIAMPINO                       2012 1726 1619 1733 1674 1706 1678 1722 1727 1669 1720 1662 1731
162390 99999 CIAMPINO                       2013 1730 1561 1734 1671 1712 1676 1732 1721 1661 1725 1655 1704
162390 99999 CIAMPINO                       2014 1718 1566 1725 1668 1729 1651 1574 1666 1669 1716 1680 1735
162390 99999 CIAMPINO                       2015 1739 1568 1722 1680 1728 1673 1428 1413  537    0    0    0


Total Surface Hourly Observations Available: 870483
Total Station-Years: 58
