071650 99999 VATRY                          1975    0    0    0    0    0    0    0    0    0    0    0   30
071650 99999 VATRY                          1976    0    0    0   49    0    0    0    0   99  122   42    0
071650 99999 VATRY                          1978   31    0    0    0    0    0    0    0    0    0    0    0
071650 99999 VATRY                          1979    0    0    0   44    0    0    0    0    0    0    0    0
071650 99999 VATRY                          1980    0    0    0    0    8    0    0    0    0    0    0    0
071650 99999 VATRY                          1981    0    0  116    0  335  442   32    0    0    0    0    0
071650 99999 VATRY                          1983    0    0    0    0    0    0    0    0    1    0    0    0
071650 99999 VATRY                          1984    0    0   56    0    0    0    0    0    0    0    0    0
071650 99999 VATRY                          2003    0    0    0    0    0  204  516  440  453  627  657  643
071650 99999 VATRY                          2004  673  632  672  654  675  669  669  677  625  659  635  615
071650 99999 VATRY                          2005  653  473  489  638  695  629  658  662  643  572  542  571
071650 99999 VATRY                          2006 1136 1146 1470 1136 1344 1331 1387 1391 1410 1455 1423 1400
071650 99999 VATRY                          2007 1235 1323 1444 1426 1481 1435 1481 1405 1425 1483 1495 1483
071650 99999 VATRY                          2008 1480 1370 1485 1440 1487 1432 1447 1488 1391 1482 1437 1485
071650 99999 VATRY                          2009 1481 1328 1477 1440 1446 1430 1474 1488 1439 1483 1435 1483
071650 99999 VATRY                          2010 1485 1312 1475 1432 1486 1433 1460 1487 1438 1484 1390 1469
071650 99999 VATRY                          2011 1478 1335 1483 1437 1452 1438 1468 1485 1438 1486 1433 1486
071650 99999 VATRY                          2012 1486 1392 1486 1439 1464 1434 1481 1487 1437 1420 1436 1477
071650 99999 VATRY                          2013 1486 1324 1453 1427 1487 1436 1480 1479 1392 1487 1440 1468
071650 99999 VATRY                          2014 1483 1342 1488 1439 1481 1437 1428 1462 1431 1482 1432 1487
071650 99999 VATRY                          2015 1486 1344 1488 1438 1485 1439 1475 1475 1438 1487 1435 1478
071650 99999 VATRY                          2016 1480 1121    0    0    0    0    0    0    0    0    0    0


Total Surface Hourly Observations Available: 195029
Total Station-Years: 22
