076100 99999 PAU PYRENEES                   1979  631  573  610  573  428  454  496  516  514  533  493  528
076100 99999 PAU PYRENEES                   1980  568  506  620  602  613  571  621  628  570  634  625  664
076100 99999 PAU PYRENEES                   1981  656  571  649  584  613  577  552  613  532  605  523  633
076100 99999 PAU PYRENEES                   1982  631  569  621  627  631  599  643  609  506  607  607  641
076100 99999 PAU PYRENEES                   1983  624  576  605  606  629  601  610  626  585  608  592  534
076100 99999 PAU PYRENEES                   1984  523  525  611  591  552  527  595  600  556  527  538  477
076100 99999 PAU PYRENEES                   1985  487  434  357  546  584  565  575  557  556  437  547  510
076100 99999 PAU PYRENEES                   1986  464  317  414  315  489  487  504  519  439  483  457  473
076100 99999 PAU PYRENEES                   1987  484  401  431  489  494  512  527  519  492  490  519  529
076100 99999 PAU PYRENEES                   1988  545  505  498  526  555  523  541  549  533  480  458  473
076100 99999 PAU PYRENEES                   1989  487  384  588  519  564  144  338  555  457  595  572  579
076100 99999 PAU PYRENEES                   1990  585  544  580  498  525  510  434  531  515  513  489  499
076100 99999 PAU PYRENEES                   1991  529  449  511  522  536  535  576  563  524  544  526  529
076100 99999 PAU PYRENEES                   1992  507  499  555  546  567  546  564  568  550  556  531  527
076100 99999 PAU PYRENEES                   1993  557  509  559  542  551  533  553  566  543  541  524  552
076100 99999 PAU PYRENEES                   1994  529  503  552  555  564  537  563  568  547  560  541  562
076100 99999 PAU PYRENEES                   1995  558  512  557  514  564  550  563  563  546  551  494  541
076100 99999 PAU PYRENEES                   1996  562  520  549  549  569  550  574  566  548  560  540  550
076100 99999 PAU PYRENEES                   1997  550  500  541  541  558  535  563  553  530  561  524  533
076100 99999 PAU PYRENEES                   1998  509  498  549  530  552  538  561  542  548  556  532  562
076100 99999 PAU PYRENEES                   1999  532  500  577  704  733  703  668  692  683  741  697  716
076100 99999 PAU PYRENEES                   2000  723  687  739  717  745  719  741  735  724  743  710  744
076100 99999 PAU PYRENEES                   2001  728  671  741  716  738  718  725  664  613  735  725  717
076100 99999 PAU PYRENEES                   2002  731  666  722  678  715  663  752  758  717  732  726  766
076100 99999 PAU PYRENEES                   2003  792  647  758  748  743  749  748  741  733  770  784  948
076100 99999 PAU PYRENEES                   2004 1133 1038 1076 1070 1090 1048 1083 1092 1032 1069 1100 1155
076100 99999 PAU PYRENEES                   2005 1141  950 1071 1050 1111 1063 1056 1064 1075 1072 1143 1169
076100 99999 PAU PYRENEES                   2006 1139 1049 1085 1102 1148 1075 1164 1094 1068 1074 1081 1137
076100 99999 PAU PYRENEES                   2007 1109 1041 1083 1125 1186 1074 1120 1100 1083 1182 1112 1143
076100 99999 PAU PYRENEES                   2008 1153 1004 1145 1069 1139 1104 1098 1093 1077 1124 1107 1157
076100 99999 PAU PYRENEES                   2009 1152 1020 1111 1091 1195 1066 1172 1220 1093 1098 1095 1105
076100 99999 PAU PYRENEES                   2010 1139  944 1100 1069 1131 1120 1142 1110 1099 1164 1109 1131
076100 99999 PAU PYRENEES                   2011 1124 1032 1144 1122 1162 1100 1141 1114 1263 1466 1422 1473
076100 99999 PAU PYRENEES                   2012 1479 1380 1469 1405 1465 1420 1477 1472 1431 1479 1431 1478
076100 99999 PAU PYRENEES                   2013 1469 1333 1457 1425 2214 2141 2216 2203 2081 2215 2141 2203
076100 99999 PAU PYRENEES                   2014 2198 2002 2219 2148 2212 2128 2135 2157 2137 2201 2151 2200
076100 99999 PAU PYRENEES                   2015 2230 2014 2218 2156 2224 2153 2228 2212 2116 2228 2149 2216
076100 99999 PAU PYRENEES                   2016 2231 2038 2205 2143 2223 2153 2232 2232 2156 2225 2072 2232
076100 99999 PAU PYRENEES                   2017 2225 2016 2231  342    0    0    0    0    0    0    0    0


Total Surface Hourly Observations Available: 404926
Total Station-Years: 39
