992420 99999 BOSTON 16 NM EAST OF BOSTON  M 1985    0    0  459  674  713  706  723  686  698  716  706  730
992420 99999 BOSTON 16 NM EAST OF BOSTON  M 1986  714  647  710  666  190  683  696  710  694  713  664  687
992420 99999 BOSTON 16 NM EAST OF BOSTON  M 1987  671  623  692  673  690  678  634  447    1  591  636  688
992420 99999 BOSTON 16 NM EAST OF BOSTON  M 1988  704  553  720  688  728  700  734  735  697  716  226  492
992420 99999 BOSTON 16 NM EAST OF BOSTON  M 1989  294  215  697  665  681  664  690  691  695  714  686  724
992420 99999 BOSTON 16 NM EAST OF BOSTON  M 1990  723  645  713  679  721  698  729  732  700  719  705  737
992420 99999 BOSTON 16 NM EAST OF BOSTON  M 1991  734  661  737  705  722  699  735  724  706  725  690  715
992420 99999 BOSTON 16 NM EAST OF BOSTON  M 1992  704  677  729  713  739  677  707  706  698  723  690  696
992420 99999 BOSTON 16 NM EAST OF BOSTON  M 1993  723  657  721  704  725  702  693  720  669  682  697  719
992420 99999 BOSTON 16 NM EAST OF BOSTON  M 1994  692  627  715  664  717  684  620  601  580  596  593  613
992420 99999 BOSTON 16 NM EAST OF BOSTON  M 1995  626  555  716  695  736  707  738  712  699  727  707  724
992420 99999 BOSTON 16 NM EAST OF BOSTON  M 1996  720  677  701  672  732  674  725  691  706  718  689  723
992420 99999 BOSTON 16 NM EAST OF BOSTON  M 1997  706  633  714  683  702  663   82    0    0    0  430  704
992420 99999 BOSTON 16 NM EAST OF BOSTON  M 1998  679  663  726  708  736  713  725  699  715  726  701  726
992420 99999 BOSTON 16 NM EAST OF BOSTON  M 1999  687  657  725  706  700  673  719  721  699  718  702  714
992420 99999 BOSTON 16 NM EAST OF BOSTON  M 2000  727  682  729  702  732  714  734  726  691  736  680  722
992420 99999 BOSTON 16 NM EAST OF BOSTON  M 2001  722    0    0    0    0    0    0    0  604  736  711  727
992420 99999 BOSTON 16 NM EAST OF BOSTON  M 2002  737  660  740  710  730  683  728  734  704  722  703  733
992420 99999 BOSTON 16 NM EAST OF BOSTON  M 2003  735  651  721  713  723  681  734  735  671  729  716  728
992420 99999 BOSTON 16 NM EAST OF BOSTON  M 2004  718  677  737  712  720  706  723  731  714  733  699  734
992420 99999 BOSTON 16 NM EAST OF BOSTON  M 2006  722  660  734  709  737  714  735  743  716  741  710  736
992420 99999 BOSTON 16 NM EAST OF BOSTON  M 2007  737  652  713  706  735  694  732  710  714  739  715  735
992420 99999 BOSTON 16 NM EAST OF BOSTON  M 2008  728  687  739  714  743  717  744  743  712  741  718  741
992420 99999 BOSTON 16 NM EAST OF BOSTON  M 2009  734  670  739  720  744  710  744  744  719  744  719  739
992420 99999 BOSTON 16 NM EAST OF BOSTON  M 2010  743  668  741  718  427  123  743  742  720  743  712  744
992420 99999 BOSTON 16 NM EAST OF BOSTON  M 2011  743  671  742  714  739  720  744  742  720  743  720  213
992420 99999 BOSTON 16 NM EAST OF BOSTON  M 2012    0    0    0    0    0  265  744  744  720  742  720  738
992420 99999 BOSTON 16 NM EAST OF BOSTON  M 2013  743  662  725 1438  742  473  440  733  694  739  719  743
992420 99999 BOSTON 16 NM EAST OF BOSTON  M 2014  738  668  744  720  739  718  712  729  718  739  719  741
992420 99999 BOSTON 16 NM EAST OF BOSTON  M 2015  743  672  743  717  741  720  739  734  709  742  718  740
992420 99999 BOSTON 16 NM EAST OF BOSTON  M 2016  743  681  731  703  733  711  732  724  705  728  679  738
992420 99999 BOSTON 16 NM EAST OF BOSTON  M 2017  732  671  739  310    0    0    0    0    0    0    0    0


Total Surface Hourly Observations Available: 247884
Total Station-Years: 32
